51.521390897 -0.0211598961251 51.4396430662 -0.0211598961251
51.4193313347 0.0462597954103 51.5433695485 0.0462597954103
51.5334620674 -0.0221458423008 51.6532906029 -0.0221458423008
51.3415944997 0.0401456135117 51.4051954659 0.0401456135117
51.4556907554 -0.286084938309 51.4865968727 -0.286084938309
51.4511999416 0.12511940824 51.4329884498 0.12511940824
51.4811234067 0.019415849199 51.5383830911 0.019415849199
51.6072243095 -0.0548067150314 51.4287519144 -0.0548067150314
51.5589177854 -0.304487203148 51.4082892499 -0.304487203148
51.4454117595 -0.038615237531 51.5121921635 -0.038615237531
51.5280908999 -0.0109961188434 51.3739946885 -0.0109961188434
51.3467367305 0.114315469295 51.4223404486 0.114315469295
51.498441772 0.0190573187867 51.5809236711 0.0190573187867
51.3814089767 0.0726214727418 51.3885543497 0.0726214727418
51.54282648 -0.00467453747617 51.3844154841 -0.00467453747617
51.50613463 0.000130925912648 51.5459756736 0.000130925912648
51.5821926255 -0.0728992738663 51.4479514184 -0.0728992738663
51.5368640158 -0.136125735253 51.3900970321 -0.136125735253
51.5008590463 0.145141300048 51.5717558847 0.145141300048
51.6571614335 -0.0681299776471 51.6518967299 -0.0681299776471
51.477097052 -0.0602797724149 51.4696085333 -0.0602797724149
51.418929299 -0.0351278915414 51.4855961307 -0.0351278915414
51.5438109888 -0.243900644535 51.4760670196 -0.243900644535
51.346443789 -0.07103643046 51.5869364857 -0.07103643046
51.5107973444 -0.000693326604345 51.5788841533 -0.000693326604345
51.5524070508 0.0694288332134 51.4332828367 0.0694288332134
51.522950475 0.0531406555472 51.5066711173 0.0531406555472
51.4021784635 0.0470962264992 51.385134291 0.0470962264992
51.4514336369 -0.16869988721 51.6171492483 -0.16869988721
51.5072144333 1.21505104802e-05 51.5983420153 1.21505104802e-05
51.5466438964 0.150290888347 51.4572296836 0.150290888347
51.4249016965 -0.0967463367181 51.561827828 -0.0967463367181
51.59320646 0.268880992884 51.584582454 0.268880992884
51.3801354685 -0.117972700902 51.5144821404 -0.117972700902
51.5253738653 0.0232179336117 51.4377781543 0.0232179336117
51.5972833091 0.25857744485 51.3509776055 0.25857744485
51.6940489032 -0.0900812463916 51.6380591828 -0.0900812463916
51.4947160373 -0.0676223365516 51.5087667718 -0.0676223365516
51.393273289 -0.21161390526 51.4913162129 -0.21161390526
51.3775648808 -0.158790315383 51.6013431519 -0.158790315383
51.4383344209 0.0813156366163 51.6497297654 0.0813156366163
51.4875762011 0.126452031888 51.3941798453 0.126452031888
51.4890790991 -0.00717169176841 51.3526686527 -0.00717169176841
51.4776705703 -0.102346461533 51.3699081497 -0.102346461533
51.4720223821 0.0832661681976 51.6075252713 0.0832661681976
51.4777821131 0.130553780664 51.5757967574 0.130553780664
51.5327653399 0.0521215260159 51.5411606975 0.0521215260159
51.5222339591 0.0362491584865 51.4946200386 0.0362491584865
51.4070107559 0.127707480439 51.5730319048 0.127707480439
51.4963586067 0.00611533494071 51.4852749607 0.00611533494071
51.514687336 -0.012190118981 51.5706417512 -0.012190118981
51.4444100824 -0.210168535121 51.500678204 -0.210168535121
51.5073027723 -0.00889272816928 51.5480208551 -0.00889272816928
51.5762041977 0.0596932857051 51.5779651089 0.0596932857051
51.4038636859 0.0308136282824 51.5070698035 0.0308136282824
51.4910726321 -0.0722003094329 51.513754751 -0.0722003094329
51.5076448038 -0.0116355941158 51.6207376778 -0.0116355941158
51.4289970228 -0.109041918437 51.6715347376 -0.109041918437
51.5128250291 0.00890727264971 51.5135549678 0.00890727264971
51.5349004962 -0.0267652955146 51.4468912947 -0.0267652955146
51.4793636402 0.314468502638 51.5872806553 0.314468502638
51.3973396992 -0.256491581355 51.4355297249 -0.256491581355
51.5172789282 0.0251183598849 51.546938019 0.0251183598849
51.4386717312 0.138980039746 51.463038518 0.138980039746
51.5523833644 0.242937039787 51.3766547809 0.242937039787
51.5150392206 -0.0137939247096 51.3893176955 -0.0137939247096
51.5043992745 0.003675274422 51.5321994243 0.003675274422
51.5072058497 -0.000170383750388 51.5129243974 -0.000170383750388
51.5398699919 -0.297855259234 51.5882977646 -0.297855259234
51.5173919688 -0.0636033278656 51.4916582091 -0.0636033278656
51.4926295963 -0.243389046244 51.439762722 -0.243389046244
51.512960067 0.0227803204187 51.4618910988 0.0227803204187
51.5074176522 0.00187912042468 51.5072304605 0.00187912042468
51.4506440363 -0.110839782326 51.5431852259 -0.110839782326
51.6392798138 0.141411161592 51.6214117233 0.141411161592
51.5073492097 -0.284541774879 51.5804377206 -0.284541774879
51.6760953169 0.128076850543 51.5094351486 0.128076850543
51.4261095168 -0.0798457235246 51.3670006398 -0.0798457235246
51.3913041795 0.23348493251 51.523777511 0.23348493251
51.3391223186 -0.153508134581 51.481670386 -0.153508134581
51.5189900392 0.21748574233 51.5510231488 0.21748574233
51.5475735992 -0.0389448931663 51.3708686692 -0.0389448931663
51.5772209762 -0.0774834721082 51.4723250469 -0.0774834721082
51.3752839504 0.241516944248 51.4705886366 0.241516944248
51.5211026718 -0.0093013216952 51.5242078141 -0.0093013216952
51.5178118441 0.00635083024379 51.4618637582 0.00635083024379
51.5024387372 0.0982879557722 51.6563801709 0.0982879557722
51.3768934873 -0.0839368166886 51.5821497997 -0.0839368166886
51.6188930451 0.131249853438 51.3459584572 0.131249853438
51.5816237148 -0.05366620906 51.5109383853 -0.05366620906
51.4516708555 -0.0215463800766 51.5452882328 -0.0215463800766
51.5647897036 0.303522052198 51.6667650639 0.303522052198
51.385806803 0.142235666982 51.6192161605 0.142235666982
51.4594510219 0.0782555684471 51.6609731434 0.0782555684471
51.4704158336 -0.171309224138 51.5941363083 -0.171309224138
51.5074890778 -0.101465337286 51.4033721931 -0.101465337286
51.5032756315 -0.0690027718694 51.5500910911 -0.0690027718694
51.5535037417 -0.0272502111046 51.4936394448 -0.0272502111046
51.5950740017 -0.0349229387093 51.4750665253 -0.0349229387093
51.498325297 -0.212399636298 51.5184633762 -0.212399636298
