start_lat start_longt end_lat end_longt departure_time mode distance travel_distance travel_time
51.521390897 -0.0211598961251 51.4396430662 -0.0211598961251 1363737600 transit 9.10007410767 12.0 2547
51.521390897 -0.0211598961251 51.4396430662 -0.0211598961251 1363741200 transit 9.10007410767 14.475 3210
51.521390897 -0.0211598961251 51.4396430662 -0.0211598961251 1363744800 transit 9.10007410767 14.475 3209
51.521390897 -0.0211598961251 51.4396430662 -0.0211598961251 1363748400 transit 9.10007410767 14.475 3209
51.521390897 -0.0211598961251 51.4396430662 -0.0211598961251 1363752000 transit 9.10007410767 14.475 3209
51.521390897 -0.0211598961251 51.4396430662 -0.0211598961251 1363755600 transit 9.10007410767 14.075 3017
51.521390897 -0.0211598961251 51.4396430662 -0.0211598961251 1363759200 transit 9.10007410767 12.33 3045
51.521390897 -0.0211598961251 51.4396430662 -0.0211598961251 1363762800 transit 9.10007410767 11.149 3491
51.521390897 -0.0211598961251 51.4396430662 -0.0211598961251 1363766400 transit 9.10007410767 11.149 3491
51.521390897 -0.0211598961251 51.4396430662 -0.0211598961251 1363770000 transit 9.10007410767 11.149 3490
51.521390897 -0.0211598961251 51.4396430662 -0.0211598961251 1363773600 transit 9.10007410767 11.152 3081
51.521390897 -0.0211598961251 51.4396430662 -0.0211598961251 1363777200 transit 9.10007410767 11.148 3105
51.521390897 -0.0211598961251 51.4396430662 -0.0211598961251 1363780800 transit 9.10007410767 11.148 3105
51.521390897 -0.0211598961251 51.4396430662 -0.0211598961251 1363784400 transit 9.10007410767 11.148 3105
51.521390897 -0.0211598961251 51.4396430662 -0.0211598961251 1363788000 transit 9.10007410767 11.148 3105
51.521390897 -0.0211598961251 51.4396430662 -0.0211598961251 1363791600 transit 9.10007410767 10.818 3154
51.521390897 -0.0211598961251 51.4396430662 -0.0211598961251 1363795200 transit 9.10007410767 11.152 3310
51.521390897 -0.0211598961251 51.4396430662 -0.0211598961251 1363798800 transit 9.10007410767 11.152 3310
51.521390897 -0.0211598961251 51.4396430662 -0.0211598961251 1363802400 transit 9.10007410767 11.148 3213
51.521390897 -0.0211598961251 51.4396430662 -0.0211598961251 1363806000 transit 9.10007410767 14.075 3497
51.521390897 -0.0211598961251 51.4396430662 -0.0211598961251 1363809600 transit 9.10007410767 11.268 2913
51.521390897 -0.0211598961251 51.4396430662 -0.0211598961251 1363813200 transit 9.10007410767 10.819 2765
51.521390897 -0.0211598961251 51.4396430662 -0.0211598961251 1363816800 transit 9.10007410767 14.132 3263
51.521390897 -0.0211598961251 51.4396430662 -0.0211598961251 1363820400 transit 9.10007410767 14.479 3210
51.521390897 -0.0211598961251 51.4396430662 -0.0211598961251 1363824000 transit 9.10007410767 12.0 2547
51.521390897 -0.0211598961251 51.4396430662 -0.0211598961251 1363737600 bicycling 9.10007410767 12.709 3271
51.521390897 -0.0211598961251 51.4396430662 -0.0211598961251 1363737600 walking 9.10007410767 10.545 7935
51.4193313347 0.0462597954103 51.5433695485 0.0462597954103 1363737600 transit 13.8077906987 17.073 3823
51.4193313347 0.0462597954103 51.5433695485 0.0462597954103 1363741200 transit 13.8077906987 28.941 6167
51.4193313347 0.0462597954103 51.5433695485 0.0462597954103 1363744800 transit 13.8077906987 28.941 6167
51.4193313347 0.0462597954103 51.5433695485 0.0462597954103 1363748400 transit 13.8077906987 28.941 6167
51.4193313347 0.0462597954103 51.5433695485 0.0462597954103 1363752000 transit 13.8077906987 26.374 5415
51.4193313347 0.0462597954103 51.5433695485 0.0462597954103 1363755600 transit 13.8077906987 19.249 4336
51.4193313347 0.0462597954103 51.5433695485 0.0462597954103 1363759200 transit 13.8077906987 28.007 3563
51.4193313347 0.0462597954103 51.5433695485 0.0462597954103 1363762800 transit 13.8077906987 26.108 3853
51.4193313347 0.0462597954103 51.5433695485 0.0462597954103 1363766400 transit 13.8077906987 30.038 4480
51.4193313347 0.0462597954103 51.5433695485 0.0462597954103 1363770000 transit 13.8077906987 26.19 4303
51.4193313347 0.0462597954103 51.5433695485 0.0462597954103 1363773600 transit 13.8077906987 26.19 4033
51.4193313347 0.0462597954103 51.5433695485 0.0462597954103 1363777200 transit 13.8077906987 26.19 4033
51.4193313347 0.0462597954103 51.5433695485 0.0462597954103 1363780800 transit 13.8077906987 26.19 4033
51.4193313347 0.0462597954103 51.5433695485 0.0462597954103 1363784400 transit 13.8077906987 26.19 4033
51.4193313347 0.0462597954103 51.5433695485 0.0462597954103 1363788000 transit 13.8077906987 26.19 4033
51.4193313347 0.0462597954103 51.5433695485 0.0462597954103 1363791600 transit 13.8077906987 26.19 4033
51.4193313347 0.0462597954103 51.5433695485 0.0462597954103 1363795200 transit 13.8077906987 26.19 4033
51.4193313347 0.0462597954103 51.5433695485 0.0462597954103 1363798800 transit 13.8077906987 26.19 4093
51.4193313347 0.0462597954103 51.5433695485 0.0462597954103 1363802400 transit 13.8077906987 26.19 4093
51.4193313347 0.0462597954103 51.5433695485 0.0462597954103 1363806000 transit 13.8077906987 26.19 4063
51.4193313347 0.0462597954103 51.5433695485 0.0462597954103 1363809600 transit 13.8077906987 19.963 3474
51.4193313347 0.0462597954103 51.5433695485 0.0462597954103 1363813200 transit 13.8077906987 28.006 3653
51.4193313347 0.0462597954103 51.5433695485 0.0462597954103 1363816800 transit 13.8077906987 19.249 4192
51.4193313347 0.0462597954103 51.5433695485 0.0462597954103 1363820400 transit 13.8077906987 17.073 3823
51.4193313347 0.0462597954103 51.5433695485 0.0462597954103 1363824000 transit 13.8077906987 17.073 3823
51.4193313347 0.0462597954103 51.5433695485 0.0462597954103 1363737600 bicycling 13.8077906987 21.642 4952
51.4193313347 0.0462597954103 51.5433695485 0.0462597954103 1363737600 walking 13.8077906987 16.489 12682
51.5334620674 -0.0221458423008 51.6532906029 -0.0221458423008 1363737600 transit 13.3391741725 20.08 4220
51.5334620674 -0.0221458423008 51.6532906029 -0.0221458423008 1363741200 transit 13.3391741725 22.112 4870
51.5334620674 -0.0221458423008 51.6532906029 -0.0221458423008 1363744800 transit 13.3391741725 22.112 4870
51.5334620674 -0.0221458423008 51.6532906029 -0.0221458423008 1363748400 transit 13.3391741725 22.112 4870
51.5334620674 -0.0221458423008 51.6532906029 -0.0221458423008 1363752000 transit 13.3391741725 32.229 3948
51.5334620674 -0.0221458423008 51.6532906029 -0.0221458423008 1363755600 transit 13.3391741725 18.279 2658
51.5334620674 -0.0221458423008 51.6532906029 -0.0221458423008 1363759200 transit 13.3391741725 17.7 2456
51.5334620674 -0.0221458423008 51.6532906029 -0.0221458423008 1363762800 transit 13.3391741725 21.865 3978
51.5334620674 -0.0221458423008 51.6532906029 -0.0221458423008 1363766400 transit 13.3391741725 17.663 2586
51.5334620674 -0.0221458423008 51.6532906029 -0.0221458423008 1363770000 transit 13.3391741725 18.279 3534
51.5334620674 -0.0221458423008 51.6532906029 -0.0221458423008 1363773600 transit 13.3391741725 18.279 3330
51.5334620674 -0.0221458423008 51.6532906029 -0.0221458423008 1363777200 transit 13.3391741725 18.279 3330
51.5334620674 -0.0221458423008 51.6532906029 -0.0221458423008 1363780800 transit 13.3391741725 18.279 3330
51.5334620674 -0.0221458423008 51.6532906029 -0.0221458423008 1363784400 transit 13.3391741725 18.279 3330
51.5334620674 -0.0221458423008 51.6532906029 -0.0221458423008 1363788000 transit 13.3391741725 18.279 3270
51.5334620674 -0.0221458423008 51.6532906029 -0.0221458423008 1363791600 transit 13.3391741725 18.279 3510
51.5334620674 -0.0221458423008 51.6532906029 -0.0221458423008 1363795200 transit 13.3391741725 17.664 2574
51.5334620674 -0.0221458423008 51.6532906029 -0.0221458423008 1363798800 transit 13.3391741725 17.663 2454
51.5334620674 -0.0221458423008 51.6532906029 -0.0221458423008 1363802400 transit 13.3391741725 18.279 3210
51.5334620674 -0.0221458423008 51.6532906029 -0.0221458423008 1363806000 transit 13.3391741725 21.865 3377
51.5334620674 -0.0221458423008 51.6532906029 -0.0221458423008 1363809600 transit 13.3391741725 18.279 3090
51.5334620674 -0.0221458423008 51.6532906029 -0.0221458423008 1363813200 transit 13.3391741725 18.279 2826
51.5334620674 -0.0221458423008 51.6532906029 -0.0221458423008 1363816800 transit 13.3391741725 18.279 2802
51.5334620674 -0.0221458423008 51.6532906029 -0.0221458423008 1363820400 transit 13.3391741725 21.895 3162
51.5334620674 -0.0221458423008 51.6532906029 -0.0221458423008 1363824000 transit 13.3391741725 20.08 4220
51.5334620674 -0.0221458423008 51.6532906029 -0.0221458423008 1363737600 bicycling 13.3391741725 16.97 3201
51.5334620674 -0.0221458423008 51.6532906029 -0.0221458423008 1363737600 walking 13.3391741725 16.343 11940
51.3415944997 0.0401456135117 51.4051954659 0.0401456135117 1363737600 transit 7.07998609963 13.654 2538
51.3415944997 0.0401456135117 51.4051954659 0.0401456135117 1363741200 transit 7.07998609963 9.872 1798
51.3415944997 0.0401456135117 51.4051954659 0.0401456135117 1363744800 transit 7.07998609963 9.872 1798
51.3415944997 0.0401456135117 51.4051954659 0.0401456135117 1363748400 transit 7.07998609963 9.872 1798
51.3415944997 0.0401456135117 51.4051954659 0.0401456135117 1363752000 transit 7.07998609963 9.872 1798
51.3415944997 0.0401456135117 51.4051954659 0.0401456135117 1363755600 transit 7.07998609963 9.872 1798
51.3415944997 0.0401456135117 51.4051954659 0.0401456135117 1363759200 transit 7.07998609963 10.04 1956
51.3415944997 0.0401456135117 51.4051954659 0.0401456135117 1363762800 transit 7.07998609963 8.495 2041
51.3415944997 0.0401456135117 51.4051954659 0.0401456135117 1363766400 transit 7.07998609963 8.536 2628
51.3415944997 0.0401456135117 51.4051954659 0.0401456135117 1363770000 transit 7.07998609963 8.536 2629
51.3415944997 0.0401456135117 51.4051954659 0.0401456135117 1363773600 transit 7.07998609963 9.872 2087
51.3415944997 0.0401456135117 51.4051954659 0.0401456135117 1363777200 transit 7.07998609963 9.872 2087
51.3415944997 0.0401456135117 51.4051954659 0.0401456135117 1363780800 transit 7.07998609963 9.872 2087
51.3415944997 0.0401456135117 51.4051954659 0.0401456135117 1363784400 transit 7.07998609963 9.872 2087
51.3415944997 0.0401456135117 51.4051954659 0.0401456135117 1363788000 transit 7.07998609963 8.495 2040
51.3415944997 0.0401456135117 51.4051954659 0.0401456135117 1363791600 transit 7.07998609963 9.872 2183
51.3415944997 0.0401456135117 51.4051954659 0.0401456135117 1363795200 transit 7.07998609963 9.872 2243
51.3415944997 0.0401456135117 51.4051954659 0.0401456135117 1363798800 transit 7.07998609963 9.872 2183
51.3415944997 0.0401456135117 51.4051954659 0.0401456135117 1363802400 transit 7.07998609963 9.872 2146
51.3415944997 0.0401456135117 51.4051954659 0.0401456135117 1363806000 transit 7.07998609963 12.192 2206
51.3415944997 0.0401456135117 51.4051954659 0.0401456135117 1363809600 transit 7.07998609963 9.872 1800
51.3415944997 0.0401456135117 51.4051954659 0.0401456135117 1363813200 transit 7.07998609963 8.982 1847
51.3415944997 0.0401456135117 51.4051954659 0.0401456135117 1363816800 transit 7.07998609963 8.982 1817
51.3415944997 0.0401456135117 51.4051954659 0.0401456135117 1363820400 transit 7.07998609963 8.982 1817
51.3415944997 0.0401456135117 51.4051954659 0.0401456135117 1363824000 transit 7.07998609963 13.654 2538
51.3415944997 0.0401456135117 51.4051954659 0.0401456135117 1363737600 bicycling 7.07998609963 8.287 1992
51.3415944997 0.0401456135117 51.4051954659 0.0401456135117 1363737600 walking 7.07998609963 8.07 5847
51.4556907554 -0.286084938309 51.4865968727 -0.286084938309 1363737600 transit 3.44043328193 6.556 1946
51.4556907554 -0.286084938309 51.4865968727 -0.286084938309 1363741200 transit 3.44043328193 6.556 1946
51.4556907554 -0.286084938309 51.4865968727 -0.286084938309 1363744800 transit 3.44043328193 6.556 1946
51.4556907554 -0.286084938309 51.4865968727 -0.286084938309 1363748400 transit 3.44043328193 6.556 1946
51.4556907554 -0.286084938309 51.4865968727 -0.286084938309 1363752000 transit 3.44043328193 6.556 1946
51.4556907554 -0.286084938309 51.4865968727 -0.286084938309 1363755600 transit 3.44043328193 6.556 1946
51.4556907554 -0.286084938309 51.4865968727 -0.286084938309 1363759200 transit 3.44043328193 6.556 1946
51.4556907554 -0.286084938309 51.4865968727 -0.286084938309 1363762800 transit 3.44043328193 6.556 2306
51.4556907554 -0.286084938309 51.4865968727 -0.286084938309 1363766400 transit 3.44043328193 5.919 2494
51.4556907554 -0.286084938309 51.4865968727 -0.286084938309 1363770000 transit 3.44043328193 6.556 2306
51.4556907554 -0.286084938309 51.4865968727 -0.286084938309 1363773600 transit 3.44043328193 6.556 2306
51.4556907554 -0.286084938309 51.4865968727 -0.286084938309 1363777200 transit 3.44043328193 6.556 2306
51.4556907554 -0.286084938309 51.4865968727 -0.286084938309 1363780800 transit 3.44043328193 6.556 2306
51.4556907554 -0.286084938309 51.4865968727 -0.286084938309 1363784400 transit 3.44043328193 6.556 2306
51.4556907554 -0.286084938309 51.4865968727 -0.286084938309 1363788000 transit 3.44043328193 6.556 2306
51.4556907554 -0.286084938309 51.4865968727 -0.286084938309 1363791600 transit 3.44043328193 6.162 2156
51.4556907554 -0.286084938309 51.4865968727 -0.286084938309 1363795200 transit 3.44043328193 5.618 2414
51.4556907554 -0.286084938309 51.4865968727 -0.286084938309 1363798800 transit 3.44043328193 5.088 2321
51.4556907554 -0.286084938309 51.4865968727 -0.286084938309 1363802400 transit 3.44043328193 6.162 2155
51.4556907554 -0.286084938309 51.4865968727 -0.286084938309 1363806000 transit 3.44043328193 6.556 2245
51.4556907554 -0.286084938309 51.4865968727 -0.286084938309 1363809600 transit 3.44043328193 6.556 2126
51.4556907554 -0.286084938309 51.4865968727 -0.286084938309 1363813200 transit 3.44043328193 6.709 1669
51.4556907554 -0.286084938309 51.4865968727 -0.286084938309 1363816800 transit 3.44043328193 6.709 1669
51.4556907554 -0.286084938309 51.4865968727 -0.286084938309 1363820400 transit 3.44043328193 6.709 1669
51.4556907554 -0.286084938309 51.4865968727 -0.286084938309 1363824000 transit 3.44043328193 6.556 1946
51.4556907554 -0.286084938309 51.4865968727 -0.286084938309 1363737600 bicycling 3.44043328193 6.811 1785
51.4556907554 -0.286084938309 51.4865968727 -0.286084938309 1363737600 walking 3.44043328193 4.715 3444
51.4511999416 0.12511940824 51.4329884498 0.12511940824 1363737600 transit 2.02728223329 6.063 2052
51.4511999416 0.12511940824 51.4329884498 0.12511940824 1363741200 transit 2.02728223329 3.054 2336
51.4511999416 0.12511940824 51.4329884498 0.12511940824 1363744800 transit 2.02728223329 3.054 2336
51.4511999416 0.12511940824 51.4329884498 0.12511940824 1363748400 transit 2.02728223329 3.054 2336
51.4511999416 0.12511940824 51.4329884498 0.12511940824 1363752000 transit 2.02728223329 3.054 2336
51.4511999416 0.12511940824 51.4329884498 0.12511940824 1363755600 transit 2.02728223329 3.054 2336
51.4511999416 0.12511940824 51.4329884498 0.12511940824 1363759200 transit 2.02728223329 3.67 861
51.4511999416 0.12511940824 51.4329884498 0.12511940824 1363762800 transit 2.02728223329 3.341 877
51.4511999416 0.12511940824 51.4329884498 0.12511940824 1363766400 transit 2.02728223329 3.341 949
51.4511999416 0.12511940824 51.4329884498 0.12511940824 1363770000 transit 2.02728223329 3.341 949
51.4511999416 0.12511940824 51.4329884498 0.12511940824 1363773600 transit 2.02728223329 3.341 949
51.4511999416 0.12511940824 51.4329884498 0.12511940824 1363777200 transit 2.02728223329 3.341 949
51.4511999416 0.12511940824 51.4329884498 0.12511940824 1363780800 transit 2.02728223329 3.341 949
51.4511999416 0.12511940824 51.4329884498 0.12511940824 1363784400 transit 2.02728223329 3.341 949
51.4511999416 0.12511940824 51.4329884498 0.12511940824 1363788000 transit 2.02728223329 3.341 949
51.4511999416 0.12511940824 51.4329884498 0.12511940824 1363791600 transit 2.02728223329 3.341 949
51.4511999416 0.12511940824 51.4329884498 0.12511940824 1363795200 transit 2.02728223329 3.341 949
51.4511999416 0.12511940824 51.4329884498 0.12511940824 1363798800 transit 2.02728223329 3.341 949
51.4511999416 0.12511940824 51.4329884498 0.12511940824 1363802400 transit 2.02728223329 3.67 987
51.4511999416 0.12511940824 51.4329884498 0.12511940824 1363806000 transit 2.02728223329 3.67 921
51.4511999416 0.12511940824 51.4329884498 0.12511940824 1363809600 transit 2.02728223329 3.67 921
51.4511999416 0.12511940824 51.4329884498 0.12511940824 1363813200 transit 2.02728223329 3.67 921
51.4511999416 0.12511940824 51.4329884498 0.12511940824 1363816800 transit 2.02728223329 3.67 921
51.4511999416 0.12511940824 51.4329884498 0.12511940824 1363820400 transit 2.02728223329 3.67 921
51.4511999416 0.12511940824 51.4329884498 0.12511940824 1363824000 transit 2.02728223329 6.063 2052
51.4511999416 0.12511940824 51.4329884498 0.12511940824 1363737600 bicycling 2.02728223329 3.089 741
51.4511999416 0.12511940824 51.4329884498 0.12511940824 1363737600 walking 2.02728223329 3.054 2336
51.4811234067 0.019415849199 51.5383830911 0.019415849199 1363737600 transit 6.3740819337 12.034 2499
51.4811234067 0.019415849199 51.5383830911 0.019415849199 1363741200 transit 6.3740819337 11.889 2594
51.4811234067 0.019415849199 51.5383830911 0.019415849199 1363744800 transit 6.3740819337 11.889 2594
51.4811234067 0.019415849199 51.5383830911 0.019415849199 1363748400 transit 6.3740819337 11.889 2594
51.4811234067 0.019415849199 51.5383830911 0.019415849199 1363752000 transit 6.3740819337 12.034 2439
51.4811234067 0.019415849199 51.5383830911 0.019415849199 1363755600 transit 6.3740819337 12.034 2439
51.4811234067 0.019415849199 51.5383830911 0.019415849199 1363759200 transit 6.3740819337 12.034 2619
51.4811234067 0.019415849199 51.5383830911 0.019415849199 1363762800 transit 6.3740819337 12.034 3249
51.4811234067 0.019415849199 51.5383830911 0.019415849199 1363766400 transit 6.3740819337 12.034 3500
51.4811234067 0.019415849199 51.5383830911 0.019415849199 1363770000 transit 6.3740819337 12.034 3561
51.4811234067 0.019415849199 51.5383830911 0.019415849199 1363773600 transit 6.3740819337 12.034 2961
51.4811234067 0.019415849199 51.5383830911 0.019415849199 1363777200 transit 6.3740819337 12.034 2961
51.4811234067 0.019415849199 51.5383830911 0.019415849199 1363780800 transit 6.3740819337 12.034 2961
51.4811234067 0.019415849199 51.5383830911 0.019415849199 1363784400 transit 6.3740819337 12.034 2961
51.4811234067 0.019415849199 51.5383830911 0.019415849199 1363788000 transit 6.3740819337 12.034 2961
51.4811234067 0.019415849199 51.5383830911 0.019415849199 1363791600 transit 6.3740819337 12.034 3081
51.4811234067 0.019415849199 51.5383830911 0.019415849199 1363795200 transit 6.3740819337 12.034 3309
51.4811234067 0.019415849199 51.5383830911 0.019415849199 1363798800 transit 6.3740819337 12.034 3309
51.4811234067 0.019415849199 51.5383830911 0.019415849199 1363802400 transit 6.3740819337 12.034 3189
51.4811234067 0.019415849199 51.5383830911 0.019415849199 1363806000 transit 6.3740819337 12.034 2888
51.4811234067 0.019415849199 51.5383830911 0.019415849199 1363809600 transit 6.3740819337 12.034 2661
51.4811234067 0.019415849199 51.5383830911 0.019415849199 1363813200 transit 6.3740819337 12.034 2661
51.4811234067 0.019415849199 51.5383830911 0.019415849199 1363816800 transit 6.3740819337 12.034 2499
51.4811234067 0.019415849199 51.5383830911 0.019415849199 1363820400 transit 6.3740819337 12.034 2499
51.4811234067 0.019415849199 51.5383830911 0.019415849199 1363824000 transit 6.3740819337 12.034 2499
51.4811234067 0.019415849199 51.5383830911 0.019415849199 1363737600 bicycling 6.3740819337 11.484 3141
51.4811234067 0.019415849199 51.5383830911 0.019415849199 1363737600 walking 6.3740819337 10.96 8153
51.6072243095 -0.0548067150314 51.4287519144 -0.0548067150314 1363737600 transit 19.8673408907 26.455 4771
51.6072243095 -0.0548067150314 51.4287519144 -0.0548067150314 1363741200 transit 19.8673408907 26.455 4771
51.6072243095 -0.0548067150314 51.4287519144 -0.0548067150314 1363744800 transit 19.8673408907 26.455 4771
51.6072243095 -0.0548067150314 51.4287519144 -0.0548067150314 1363748400 transit 19.8673408907 26.455 4772
51.6072243095 -0.0548067150314 51.4287519144 -0.0548067150314 1363752000 transit 19.8673408907 26.455 4772
51.6072243095 -0.0548067150314 51.4287519144 -0.0548067150314 1363755600 transit 19.8673408907 26.455 4862
51.6072243095 -0.0548067150314 51.4287519144 -0.0548067150314 1363759200 transit 19.8673408907 25.878 3378
51.6072243095 -0.0548067150314 51.4287519144 -0.0548067150314 1363762800 transit 19.8673408907 26.12 3982
51.6072243095 -0.0548067150314 51.4287519144 -0.0548067150314 1363766400 transit 19.8673408907 25.878 3480
51.6072243095 -0.0548067150314 51.4287519144 -0.0548067150314 1363770000 transit 19.8673408907 25.878 3450
51.6072243095 -0.0548067150314 51.4287519144 -0.0548067150314 1363773600 transit 19.8673408907 26.12 3993
51.6072243095 -0.0548067150314 51.4287519144 -0.0548067150314 1363777200 transit 19.8673408907 25.855 3595
51.6072243095 -0.0548067150314 51.4287519144 -0.0548067150314 1363780800 transit 19.8673408907 25.855 3595
51.6072243095 -0.0548067150314 51.4287519144 -0.0548067150314 1363784400 transit 19.8673408907 25.855 3595
51.6072243095 -0.0548067150314 51.4287519144 -0.0548067150314 1363788000 transit 19.8673408907 25.855 3595
51.6072243095 -0.0548067150314 51.4287519144 -0.0548067150314 1363791600 transit 19.8673408907 25.855 3649
51.6072243095 -0.0548067150314 51.4287519144 -0.0548067150314 1363795200 transit 19.8673408907 26.12 4018
51.6072243095 -0.0548067150314 51.4287519144 -0.0548067150314 1363798800 transit 19.8673408907 26.12 4079
51.6072243095 -0.0548067150314 51.4287519144 -0.0548067150314 1363802400 transit 19.8673408907 25.878 3330
51.6072243095 -0.0548067150314 51.4287519144 -0.0548067150314 1363806000 transit 19.8673408907 25.878 3330
51.6072243095 -0.0548067150314 51.4287519144 -0.0548067150314 1363809600 transit 19.8673408907 22.535 4370
51.6072243095 -0.0548067150314 51.4287519144 -0.0548067150314 1363813200 transit 19.8673408907 22.896 4648
51.6072243095 -0.0548067150314 51.4287519144 -0.0548067150314 1363816800 transit 19.8673408907 22.534 3998
51.6072243095 -0.0548067150314 51.4287519144 -0.0548067150314 1363820400 transit 19.8673408907 26.455 4945
51.6072243095 -0.0548067150314 51.4287519144 -0.0548067150314 1363824000 transit 19.8673408907 26.455 4771
51.6072243095 -0.0548067150314 51.4287519144 -0.0548067150314 1363737600 bicycling 19.8673408907 29.404 6282
51.6072243095 -0.0548067150314 51.4287519144 -0.0548067150314 1363737600 walking 19.8673408907 22.157 16747
51.5589177854 -0.304487203148 51.4082892499 -0.304487203148 1363737600 transit 16.7677945991 20.629 3990
51.5589177854 -0.304487203148 51.4082892499 -0.304487203148 1363741200 transit 16.7677945991 20.629 3749
51.5589177854 -0.304487203148 51.4082892499 -0.304487203148 1363744800 transit 16.7677945991 20.629 3749
51.5589177854 -0.304487203148 51.4082892499 -0.304487203148 1363748400 transit 16.7677945991 20.629 3749
51.5589177854 -0.304487203148 51.4082892499 -0.304487203148 1363752000 transit 16.7677945991 20.629 3748
51.5589177854 -0.304487203148 51.4082892499 -0.304487203148 1363755600 transit 16.7677945991 20.629 4050
51.5589177854 -0.304487203148 51.4082892499 -0.304487203148 1363759200 transit 16.7677945991 21.482 3784
51.5589177854 -0.304487203148 51.4082892499 -0.304487203148 1363762800 transit 16.7677945991 21.482 4024
51.5589177854 -0.304487203148 51.4082892499 -0.304487203148 1363766400 transit 16.7677945991 21.482 3904
51.5589177854 -0.304487203148 51.4082892499 -0.304487203148 1363770000 transit 16.7677945991 21.482 3904
51.5589177854 -0.304487203148 51.4082892499 -0.304487203148 1363773600 transit 16.7677945991 21.482 3844
51.5589177854 -0.304487203148 51.4082892499 -0.304487203148 1363777200 transit 16.7677945991 24.444 4266
51.5589177854 -0.304487203148 51.4082892499 -0.304487203148 1363780800 transit 16.7677945991 24.444 4266
51.5589177854 -0.304487203148 51.4082892499 -0.304487203148 1363784400 transit 16.7677945991 24.444 4266
51.5589177854 -0.304487203148 51.4082892499 -0.304487203148 1363788000 transit 16.7677945991 23.467 3549
51.5589177854 -0.304487203148 51.4082892499 -0.304487203148 1363791600 transit 16.7677945991 23.467 3549
51.5589177854 -0.304487203148 51.4082892499 -0.304487203148 1363795200 transit 16.7677945991 21.482 3964
51.5589177854 -0.304487203148 51.4082892499 -0.304487203148 1363798800 transit 16.7677945991 21.482 4144
51.5589177854 -0.304487203148 51.4082892499 -0.304487203148 1363802400 transit 16.7677945991 21.482 3904
51.5589177854 -0.304487203148 51.4082892499 -0.304487203148 1363806000 transit 16.7677945991 21.482 3664
51.5589177854 -0.304487203148 51.4082892499 -0.304487203148 1363809600 transit 16.7677945991 21.482 3545
51.5589177854 -0.304487203148 51.4082892499 -0.304487203148 1363813200 transit 16.7677945991 21.482 3544
51.5589177854 -0.304487203148 51.4082892499 -0.304487203148 1363816800 transit 16.7677945991 21.482 3484
51.5589177854 -0.304487203148 51.4082892499 -0.304487203148 1363820400 transit 16.7677945991 21.482 3424
51.5589177854 -0.304487203148 51.4082892499 -0.304487203148 1363824000 transit 16.7677945991 20.629 3990
51.5589177854 -0.304487203148 51.4082892499 -0.304487203148 1363737600 bicycling 16.7677945991 21.829 4541
51.5589177854 -0.304487203148 51.4082892499 -0.304487203148 1363737600 walking 16.7677945991 18.533 13711
51.4454117595 -0.038615237531 51.5121921635 -0.038615237531 1363737600 transit 7.43391744335 12.549 2691
51.4454117595 -0.038615237531 51.5121921635 -0.038615237531 1363741200 transit 7.43391744335 19.557 3946
51.4454117595 -0.038615237531 51.5121921635 -0.038615237531 1363744800 transit 7.43391744335 14.781 2676
51.4454117595 -0.038615237531 51.5121921635 -0.038615237531 1363748400 transit 7.43391744335 19.462 3713
51.4454117595 -0.038615237531 51.5121921635 -0.038615237531 1363752000 transit 7.43391744335 19.462 4061
51.4454117595 -0.038615237531 51.5121921635 -0.038615237531 1363755600 transit 7.43391744335 14.852 3079
51.4454117595 -0.038615237531 51.5121921635 -0.038615237531 1363759200 transit 7.43391744335 9.343 2291
51.4454117595 -0.038615237531 51.5121921635 -0.038615237531 1363762800 transit 7.43391744335 9.937 2579
51.4454117595 -0.038615237531 51.5121921635 -0.038615237531 1363766400 transit 7.43391744335 9.937 2579
51.4454117595 -0.038615237531 51.5121921635 -0.038615237531 1363770000 transit 7.43391744335 9.937 2579
51.4454117595 -0.038615237531 51.5121921635 -0.038615237531 1363773600 transit 7.43391744335 9.937 2459
51.4454117595 -0.038615237531 51.5121921635 -0.038615237531 1363777200 transit 7.43391744335 9.937 2459
51.4454117595 -0.038615237531 51.5121921635 -0.038615237531 1363780800 transit 7.43391744335 9.937 2459
51.4454117595 -0.038615237531 51.5121921635 -0.038615237531 1363784400 transit 7.43391744335 9.937 2459
51.4454117595 -0.038615237531 51.5121921635 -0.038615237531 1363788000 transit 7.43391744335 9.937 2459
51.4454117595 -0.038615237531 51.5121921635 -0.038615237531 1363791600 transit 7.43391744335 9.937 2459
51.4454117595 -0.038615237531 51.5121921635 -0.038615237531 1363795200 transit 7.43391744335 9.937 2459
51.4454117595 -0.038615237531 51.5121921635 -0.038615237531 1363798800 transit 7.43391744335 9.937 2459
51.4454117595 -0.038615237531 51.5121921635 -0.038615237531 1363802400 transit 7.43391744335 9.937 2459
51.4454117595 -0.038615237531 51.5121921635 -0.038615237531 1363806000 transit 7.43391744335 9.343 2410
51.4454117595 -0.038615237531 51.5121921635 -0.038615237531 1363809600 transit 7.43391744335 11.198 3014
51.4454117595 -0.038615237531 51.5121921635 -0.038615237531 1363813200 transit 7.43391744335 9.343 2291
51.4454117595 -0.038615237531 51.5121921635 -0.038615237531 1363816800 transit 7.43391744335 9.343 2291
51.4454117595 -0.038615237531 51.5121921635 -0.038615237531 1363820400 transit 7.43391744335 9.343 2291
51.4454117595 -0.038615237531 51.5121921635 -0.038615237531 1363824000 transit 7.43391744335 12.549 2691
51.4454117595 -0.038615237531 51.5121921635 -0.038615237531 1363737600 bicycling 7.43391744335 10.332 2267
51.4454117595 -0.038615237531 51.5121921635 -0.038615237531 1363737600 walking 7.43391744335 9.392 6894
51.5280908999 -0.0109961188434 51.3739946885 -0.0109961188434 1363737600 transit 17.1538122752 24.83 4130
51.5280908999 -0.0109961188434 51.3739946885 -0.0109961188434 1363741200 transit 17.1538122752 24.83 4088
51.5280908999 -0.0109961188434 51.3739946885 -0.0109961188434 1363744800 transit 17.1538122752 24.83 4088
51.5280908999 -0.0109961188434 51.3739946885 -0.0109961188434 1363748400 transit 17.1538122752 24.83 4088
51.5280908999 -0.0109961188434 51.3739946885 -0.0109961188434 1363752000 transit 17.1538122752 25.037 4341
51.5280908999 -0.0109961188434 51.3739946885 -0.0109961188434 1363755600 transit 17.1538122752 23.098 4080
51.5280908999 -0.0109961188434 51.3739946885 -0.0109961188434 1363759200 transit 17.1538122752 29.394 3840
51.5280908999 -0.0109961188434 51.3739946885 -0.0109961188434 1363762800 transit 17.1538122752 32.273 3615
51.5280908999 -0.0109961188434 51.3739946885 -0.0109961188434 1363766400 transit 17.1538122752 32.273 3843
51.5280908999 -0.0109961188434 51.3739946885 -0.0109961188434 1363770000 transit 17.1538122752 29.394 4213
51.5280908999 -0.0109961188434 51.3739946885 -0.0109961188434 1363773600 transit 17.1538122752 26.043 4343
51.5280908999 -0.0109961188434 51.3739946885 -0.0109961188434 1363777200 transit 17.1538122752 29.394 3943
51.5280908999 -0.0109961188434 51.3739946885 -0.0109961188434 1363780800 transit 17.1538122752 29.394 3943
51.5280908999 -0.0109961188434 51.3739946885 -0.0109961188434 1363784400 transit 17.1538122752 29.394 3943
51.5280908999 -0.0109961188434 51.3739946885 -0.0109961188434 1363788000 transit 17.1538122752 29.394 3943
51.5280908999 -0.0109961188434 51.3739946885 -0.0109961188434 1363791600 transit 17.1538122752 29.394 4123
51.5280908999 -0.0109961188434 51.3739946885 -0.0109961188434 1363795200 transit 17.1538122752 29.394 4363
51.5280908999 -0.0109961188434 51.3739946885 -0.0109961188434 1363798800 transit 17.1538122752 26.043 4373
51.5280908999 -0.0109961188434 51.3739946885 -0.0109961188434 1363802400 transit 17.1538122752 29.847 4070
51.5280908999 -0.0109961188434 51.3739946885 -0.0109961188434 1363806000 transit 17.1538122752 29.394 3715
51.5280908999 -0.0109961188434 51.3739946885 -0.0109961188434 1363809600 transit 17.1538122752 29.394 3679
51.5280908999 -0.0109961188434 51.3739946885 -0.0109961188434 1363813200 transit 17.1538122752 29.393 3650
51.5280908999 -0.0109961188434 51.3739946885 -0.0109961188434 1363816800 transit 17.1538122752 29.393 3650
51.5280908999 -0.0109961188434 51.3739946885 -0.0109961188434 1363820400 transit 17.1538122752 29.393 3769
51.5280908999 -0.0109961188434 51.3739946885 -0.0109961188434 1363824000 transit 17.1538122752 24.83 4130
51.5280908999 -0.0109961188434 51.3739946885 -0.0109961188434 1363737600 bicycling 17.1538122752 27.234 6206
51.5280908999 -0.0109961188434 51.3739946885 -0.0109961188434 1363737600 walking 17.1538122752 19.363 14667
51.3467367305 0.114315469295 51.4223404486 0.114315469295 1363737600 transit 8.41611857822 13.172 3233
51.3467367305 0.114315469295 51.4223404486 0.114315469295 1363741200 transit 8.41611857822 10.345 2149
51.3467367305 0.114315469295 51.4223404486 0.114315469295 1363744800 transit 8.41611857822 10.345 2149
51.3467367305 0.114315469295 51.4223404486 0.114315469295 1363748400 transit 8.41611857822 10.345 2149
51.3467367305 0.114315469295 51.4223404486 0.114315469295 1363752000 transit 8.41611857822 10.345 2149
51.3467367305 0.114315469295 51.4223404486 0.114315469295 1363755600 transit 8.41611857822 13.172 3173
51.3467367305 0.114315469295 51.4223404486 0.114315469295 1363759200 transit 8.41611857822 11.142 2667
51.3467367305 0.114315469295 51.4223404486 0.114315469295 1363762800 transit 8.41611857822 10.345 2677
51.3467367305 0.114315469295 51.4223404486 0.114315469295 1363766400 transit 8.41611857822 10.345 2677
51.3467367305 0.114315469295 51.4223404486 0.114315469295 1363770000 transit 8.41611857822 10.345 2659
51.3467367305 0.114315469295 51.4223404486 0.114315469295 1363773600 transit 8.41611857822 10.345 2659
51.3467367305 0.114315469295 51.4223404486 0.114315469295 1363777200 transit 8.41611857822 10.345 2659
51.3467367305 0.114315469295 51.4223404486 0.114315469295 1363780800 transit 8.41611857822 10.345 2659
51.3467367305 0.114315469295 51.4223404486 0.114315469295 1363784400 transit 8.41611857822 10.345 2659
51.3467367305 0.114315469295 51.4223404486 0.114315469295 1363788000 transit 8.41611857822 10.345 2778
51.3467367305 0.114315469295 51.4223404486 0.114315469295 1363791600 transit 8.41611857822 10.345 2796
51.3467367305 0.114315469295 51.4223404486 0.114315469295 1363795200 transit 8.41611857822 10.345 2796
51.3467367305 0.114315469295 51.4223404486 0.114315469295 1363798800 transit 8.41611857822 11.142 3170
51.3467367305 0.114315469295 51.4223404486 0.114315469295 1363802400 transit 8.41611857822 10.983 1968
51.3467367305 0.114315469295 51.4223404486 0.114315469295 1363806000 transit 8.41611857822 10.345 2407
51.3467367305 0.114315469295 51.4223404486 0.114315469295 1363809600 transit 8.41611857822 10.983 1715
51.3467367305 0.114315469295 51.4223404486 0.114315469295 1363813200 transit 8.41611857822 13.172 3233
51.3467367305 0.114315469295 51.4223404486 0.114315469295 1363816800 transit 8.41611857822 13.172 3233
51.3467367305 0.114315469295 51.4223404486 0.114315469295 1363820400 transit 8.41611857822 13.172 3233
51.3467367305 0.114315469295 51.4223404486 0.114315469295 1363824000 transit 8.41611857822 13.172 3233
51.3467367305 0.114315469295 51.4223404486 0.114315469295 1363737600 bicycling 8.41611857822 9.467 1859
51.3467367305 0.114315469295 51.4223404486 0.114315469295 1363737600 walking 8.41611857822 9.469 6768
51.498441772 0.0190573187867 51.5809236711 0.0190573187867 1363737600 transit 9.18178974299 10.605 1724
51.498441772 0.0190573187867 51.5809236711 0.0190573187867 1363741200 transit 9.18178974299 11.568 3884
51.498441772 0.0190573187867 51.5809236711 0.0190573187867 1363744800 transit 9.18178974299 11.583 2924
51.498441772 0.0190573187867 51.5809236711 0.0190573187867 1363748400 transit 9.18178974299 12.426 2877
51.498441772 0.0190573187867 51.5809236711 0.0190573187867 1363752000 transit 9.18178974299 12.426 2876
51.498441772 0.0190573187867 51.5809236711 0.0190573187867 1363755600 transit 9.18178974299 10.701 1721
51.498441772 0.0190573187867 51.5809236711 0.0190573187867 1363759200 transit 9.18178974299 10.605 1724
51.498441772 0.0190573187867 51.5809236711 0.0190573187867 1363762800 transit 9.18178974299 10.605 1814
51.498441772 0.0190573187867 51.5809236711 0.0190573187867 1363766400 transit 9.18178974299 10.61 1847
51.498441772 0.0190573187867 51.5809236711 0.0190573187867 1363770000 transit 9.18178974299 10.605 1964
51.498441772 0.0190573187867 51.5809236711 0.0190573187867 1363773600 transit 9.18178974299 10.605 1772
51.498441772 0.0190573187867 51.5809236711 0.0190573187867 1363777200 transit 9.18178974299 10.701 1793
51.498441772 0.0190573187867 51.5809236711 0.0190573187867 1363780800 transit 9.18178974299 10.701 1793
51.498441772 0.0190573187867 51.5809236711 0.0190573187867 1363784400 transit 9.18178974299 10.701 1829
51.498441772 0.0190573187867 51.5809236711 0.0190573187867 1363788000 transit 9.18178974299 10.701 1823
51.498441772 0.0190573187867 51.5809236711 0.0190573187867 1363791600 transit 9.18178974299 10.605 1796
51.498441772 0.0190573187867 51.5809236711 0.0190573187867 1363795200 transit 9.18178974299 10.701 1775
51.498441772 0.0190573187867 51.5809236711 0.0190573187867 1363798800 transit 9.18178974299 10.605 1735
51.498441772 0.0190573187867 51.5809236711 0.0190573187867 1363802400 transit 9.18178974299 10.701 1781
51.498441772 0.0190573187867 51.5809236711 0.0190573187867 1363806000 transit 9.18178974299 10.61 1805
51.498441772 0.0190573187867 51.5809236711 0.0190573187867 1363809600 transit 9.18178974299 10.701 1781
51.498441772 0.0190573187867 51.5809236711 0.0190573187867 1363813200 transit 9.18178974299 10.701 1781
51.498441772 0.0190573187867 51.5809236711 0.0190573187867 1363816800 transit 9.18178974299 10.701 1769
51.498441772 0.0190573187867 51.5809236711 0.0190573187867 1363820400 transit 9.18178974299 10.605 1784
51.498441772 0.0190573187867 51.5809236711 0.0190573187867 1363824000 transit 9.18178974299 10.605 1724
51.498441772 0.0190573187867 51.5809236711 0.0190573187867 1363737600 bicycling 9.18178974299 20.81 4955
51.498441772 0.0190573187867 51.5809236711 0.0190573187867 1363737600 walking 9.18178974299 17.476 12553
51.3814089767 0.0726214727418 51.3885543497 0.0726214727418 1363737600 transit 0.795414669607 0.797 588
51.3814089767 0.0726214727418 51.3885543497 0.0726214727418 1363741200 transit 0.795414669607 0.797 588
51.3814089767 0.0726214727418 51.3885543497 0.0726214727418 1363744800 transit 0.795414669607 0.797 588
51.3814089767 0.0726214727418 51.3885543497 0.0726214727418 1363748400 transit 0.795414669607 0.797 588
51.3814089767 0.0726214727418 51.3885543497 0.0726214727418 1363752000 transit 0.795414669607 0.797 588
51.3814089767 0.0726214727418 51.3885543497 0.0726214727418 1363755600 transit 0.795414669607 0.797 588
51.3814089767 0.0726214727418 51.3885543497 0.0726214727418 1363759200 transit 0.795414669607 0.797 588
51.3814089767 0.0726214727418 51.3885543497 0.0726214727418 1363762800 transit 0.795414669607 1.227 551
51.3814089767 0.0726214727418 51.3885543497 0.0726214727418 1363766400 transit 0.795414669607 0.797 588
51.3814089767 0.0726214727418 51.3885543497 0.0726214727418 1363770000 transit 0.795414669607 0.797 588
51.3814089767 0.0726214727418 51.3885543497 0.0726214727418 1363773600 transit 0.795414669607 0.797 588
51.3814089767 0.0726214727418 51.3885543497 0.0726214727418 1363777200 transit 0.795414669607 0.797 588
51.3814089767 0.0726214727418 51.3885543497 0.0726214727418 1363780800 transit 0.795414669607 0.797 588
51.3814089767 0.0726214727418 51.3885543497 0.0726214727418 1363784400 transit 0.795414669607 0.797 588
51.3814089767 0.0726214727418 51.3885543497 0.0726214727418 1363788000 transit 0.795414669607 0.797 588
51.3814089767 0.0726214727418 51.3885543497 0.0726214727418 1363791600 transit 0.795414669607 0.797 588
51.3814089767 0.0726214727418 51.3885543497 0.0726214727418 1363795200 transit 0.795414669607 0.797 588
51.3814089767 0.0726214727418 51.3885543497 0.0726214727418 1363798800 transit 0.795414669607 0.797 588
51.3814089767 0.0726214727418 51.3885543497 0.0726214727418 1363802400 transit 0.795414669607 0.797 588
51.3814089767 0.0726214727418 51.3885543497 0.0726214727418 1363806000 transit 0.795414669607 0.797 588
51.3814089767 0.0726214727418 51.3885543497 0.0726214727418 1363809600 transit 0.795414669607 0.797 588
51.3814089767 0.0726214727418 51.3885543497 0.0726214727418 1363813200 transit 0.795414669607 0.797 588
51.3814089767 0.0726214727418 51.3885543497 0.0726214727418 1363816800 transit 0.795414669607 0.797 588
51.3814089767 0.0726214727418 51.3885543497 0.0726214727418 1363820400 transit 0.795414669607 0.797 588
51.3814089767 0.0726214727418 51.3885543497 0.0726214727418 1363824000 transit 0.795414669607 0.797 588
51.3814089767 0.0726214727418 51.3885543497 0.0726214727418 1363737600 bicycling 0.795414669607 0.839 169
51.3814089767 0.0726214727418 51.3885543497 0.0726214727418 1363737600 walking 0.795414669607 0.797 588
51.54282648 -0.00467453747617 51.3844154841 -0.00467453747617 1363737600 transit 17.6341291023 26.63 4127
51.54282648 -0.00467453747617 51.3844154841 -0.00467453747617 1363741200 transit 17.6341291023 24.698 4671
51.54282648 -0.00467453747617 51.3844154841 -0.00467453747617 1363744800 transit 17.6341291023 24.698 4671
51.54282648 -0.00467453747617 51.3844154841 -0.00467453747617 1363748400 transit 17.6341291023 28.563 5612
51.54282648 -0.00467453747617 51.3844154841 -0.00467453747617 1363752000 transit 17.6341291023 25.237 4893
51.54282648 -0.00467453747617 51.3844154841 -0.00467453747617 1363755600 transit 17.6341291023 27.873 4619
51.54282648 -0.00467453747617 51.3844154841 -0.00467453747617 1363759200 transit 17.6341291023 30.929 4248
51.54282648 -0.00467453747617 51.3844154841 -0.00467453747617 1363762800 transit 17.6341291023 30.929 4176
51.54282648 -0.00467453747617 51.3844154841 -0.00467453747617 1363766400 transit 17.6341291023 30.929 4374
51.54282648 -0.00467453747617 51.3844154841 -0.00467453747617 1363770000 transit 17.6341291023 30.929 4236
51.54282648 -0.00467453747617 51.3844154841 -0.00467453747617 1363773600 transit 17.6341291023 30.929 4134
51.54282648 -0.00467453747617 51.3844154841 -0.00467453747617 1363777200 transit 17.6341291023 30.929 4134
51.54282648 -0.00467453747617 51.3844154841 -0.00467453747617 1363780800 transit 17.6341291023 30.929 4134
51.54282648 -0.00467453747617 51.3844154841 -0.00467453747617 1363784400 transit 17.6341291023 30.929 4134
51.54282648 -0.00467453747617 51.3844154841 -0.00467453747617 1363788000 transit 17.6341291023 30.929 4134
51.54282648 -0.00467453747617 51.3844154841 -0.00467453747617 1363791600 transit 17.6341291023 30.929 4146
51.54282648 -0.00467453747617 51.3844154841 -0.00467453747617 1363795200 transit 17.6341291023 30.313 3966
51.54282648 -0.00467453747617 51.3844154841 -0.00467453747617 1363798800 transit 17.6341291023 30.313 4164
51.54282648 -0.00467453747617 51.3844154841 -0.00467453747617 1363802400 transit 17.6341291023 30.313 4087
51.54282648 -0.00467453747617 51.3844154841 -0.00467453747617 1363806000 transit 17.6341291023 30.929 4146
51.54282648 -0.00467453747617 51.3844154841 -0.00467453747617 1363809600 transit 17.6341291023 26.377 3641
51.54282648 -0.00467453747617 51.3844154841 -0.00467453747617 1363813200 transit 17.6341291023 27.637 3726
51.54282648 -0.00467453747617 51.3844154841 -0.00467453747617 1363816800 transit 17.6341291023 27.637 3726
51.54282648 -0.00467453747617 51.3844154841 -0.00467453747617 1363820400 transit 17.6341291023 27.637 3696
51.54282648 -0.00467453747617 51.3844154841 -0.00467453747617 1363824000 transit 17.6341291023 26.63 4127
51.54282648 -0.00467453747617 51.3844154841 -0.00467453747617 1363737600 bicycling 17.6341291023 23.995 5948
51.54282648 -0.00467453747617 51.3844154841 -0.00467453747617 1363737600 walking 17.6341291023 20.858 15683
51.50613463 0.000130925912648 51.5459756736 0.000130925912648 1363737600 transit 4.435058958 5.128 1329
51.50613463 0.000130925912648 51.5459756736 0.000130925912648 1363741200 transit 4.435058958 8.074 2249
51.50613463 0.000130925912648 51.5459756736 0.000130925912648 1363744800 transit 4.435058958 5.859 2023
51.50613463 0.000130925912648 51.5459756736 0.000130925912648 1363748400 transit 4.435058958 5.859 2023
51.50613463 0.000130925912648 51.5459756736 0.000130925912648 1363752000 transit 4.435058958 5.859 2023
51.50613463 0.000130925912648 51.5459756736 0.000130925912648 1363755600 transit 4.435058958 6.643 2451
51.50613463 0.000130925912648 51.5459756736 0.000130925912648 1363759200 transit 4.435058958 5.128 1418
51.50613463 0.000130925912648 51.5459756736 0.000130925912648 1363762800 transit 4.435058958 5.128 1401
51.50613463 0.000130925912648 51.5459756736 0.000130925912648 1363766400 transit 4.435058958 5.128 1401
51.50613463 0.000130925912648 51.5459756736 0.000130925912648 1363770000 transit 4.435058958 5.128 1509
51.50613463 0.000130925912648 51.5459756736 0.000130925912648 1363773600 transit 4.435058958 5.128 1389
51.50613463 0.000130925912648 51.5459756736 0.000130925912648 1363777200 transit 4.435058958 5.128 1341
51.50613463 0.000130925912648 51.5459756736 0.000130925912648 1363780800 transit 4.435058958 5.128 1329
51.50613463 0.000130925912648 51.5459756736 0.000130925912648 1363784400 transit 4.435058958 5.128 1329
51.50613463 0.000130925912648 51.5459756736 0.000130925912648 1363788000 transit 4.435058958 5.128 1329
51.50613463 0.000130925912648 51.5459756736 0.000130925912648 1363791600 transit 4.435058958 5.128 1389
51.50613463 0.000130925912648 51.5459756736 0.000130925912648 1363795200 transit 4.435058958 5.128 1389
51.50613463 0.000130925912648 51.5459756736 0.000130925912648 1363798800 transit 4.435058958 5.128 1400
51.50613463 0.000130925912648 51.5459756736 0.000130925912648 1363802400 transit 4.435058958 5.128 1401
51.50613463 0.000130925912648 51.5459756736 0.000130925912648 1363806000 transit 4.435058958 5.128 1437
51.50613463 0.000130925912648 51.5459756736 0.000130925912648 1363809600 transit 4.435058958 5.128 1389
51.50613463 0.000130925912648 51.5459756736 0.000130925912648 1363813200 transit 4.435058958 5.128 1329
51.50613463 0.000130925912648 51.5459756736 0.000130925912648 1363816800 transit 4.435058958 5.128 1359
51.50613463 0.000130925912648 51.5459756736 0.000130925912648 1363820400 transit 4.435058958 5.128 1377
51.50613463 0.000130925912648 51.5459756736 0.000130925912648 1363824000 transit 4.435058958 5.128 1329
51.50613463 0.000130925912648 51.5459756736 0.000130925912648 1363737600 bicycling 4.435058958 14.227 3425
51.50613463 0.000130925912648 51.5459756736 0.000130925912648 1363737600 walking 4.435058958 13.538 9463
51.5821926255 -0.0728992738663 51.4479514184 -0.0728992738663 1363737600 transit 14.9435761287 18.851 3814
51.5821926255 -0.0728992738663 51.4479514184 -0.0728992738663 1363741200 transit 14.9435761287 18.397 3437
51.5821926255 -0.0728992738663 51.4479514184 -0.0728992738663 1363744800 transit 14.9435761287 18.397 3425
51.5821926255 -0.0728992738663 51.4479514184 -0.0728992738663 1363748400 transit 14.9435761287 18.397 3305
51.5821926255 -0.0728992738663 51.4479514184 -0.0728992738663 1363752000 transit 14.9435761287 16.724 3311
51.5821926255 -0.0728992738663 51.4479514184 -0.0728992738663 1363755600 transit 14.9435761287 16.724 3311
51.5821926255 -0.0728992738663 51.4479514184 -0.0728992738663 1363759200 transit 14.9435761287 20.062 3111
51.5821926255 -0.0728992738663 51.4479514184 -0.0728992738663 1363762800 transit 14.9435761287 20.062 3453
51.5821926255 -0.0728992738663 51.4479514184 -0.0728992738663 1363766400 transit 14.9435761287 20.062 3579
51.5821926255 -0.0728992738663 51.4479514184 -0.0728992738663 1363770000 transit 14.9435761287 20.062 3710
51.5821926255 -0.0728992738663 51.4479514184 -0.0728992738663 1363773600 transit 14.9435761287 20.062 3620
51.5821926255 -0.0728992738663 51.4479514184 -0.0728992738663 1363777200 transit 14.9435761287 20.062 3620
51.5821926255 -0.0728992738663 51.4479514184 -0.0728992738663 1363780800 transit 14.9435761287 20.062 3680
51.5821926255 -0.0728992738663 51.4479514184 -0.0728992738663 1363784400 transit 14.9435761287 20.062 3680
51.5821926255 -0.0728992738663 51.4479514184 -0.0728992738663 1363788000 transit 14.9435761287 20.062 3680
51.5821926255 -0.0728992738663 51.4479514184 -0.0728992738663 1363791600 transit 14.9435761287 20.062 3801
51.5821926255 -0.0728992738663 51.4479514184 -0.0728992738663 1363795200 transit 14.9435761287 20.062 3939
51.5821926255 -0.0728992738663 51.4479514184 -0.0728992738663 1363798800 transit 14.9435761287 20.062 3950
51.5821926255 -0.0728992738663 51.4479514184 -0.0728992738663 1363802400 transit 14.9435761287 20.062 3849
51.5821926255 -0.0728992738663 51.4479514184 -0.0728992738663 1363806000 transit 14.9435761287 20.062 3573
51.5821926255 -0.0728992738663 51.4479514184 -0.0728992738663 1363809600 transit 14.9435761287 20.062 3261
51.5821926255 -0.0728992738663 51.4479514184 -0.0728992738663 1363813200 transit 14.9435761287 20.062 3142
51.5821926255 -0.0728992738663 51.4479514184 -0.0728992738663 1363816800 transit 14.9435761287 20.062 3142
51.5821926255 -0.0728992738663 51.4479514184 -0.0728992738663 1363820400 transit 14.9435761287 20.062 3081
51.5821926255 -0.0728992738663 51.4479514184 -0.0728992738663 1363824000 transit 14.9435761287 18.851 3814
51.5821926255 -0.0728992738663 51.4479514184 -0.0728992738663 1363737600 bicycling 14.9435761287 17.592 4115
51.5821926255 -0.0728992738663 51.4479514184 -0.0728992738663 1363737600 walking 14.9435761287 16.192 12251
51.5368640158 -0.136125735253 51.3900970321 -0.136125735253 1363737600 transit 16.3379311128 20.594 3566
51.5368640158 -0.136125735253 51.3900970321 -0.136125735253 1363741200 transit 16.3379311128 23.491 5150
51.5368640158 -0.136125735253 51.3900970321 -0.136125735253 1363744800 transit 16.3379311128 23.491 5150
51.5368640158 -0.136125735253 51.3900970321 -0.136125735253 1363748400 transit 16.3379311128 24.252 4898
51.5368640158 -0.136125735253 51.3900970321 -0.136125735253 1363752000 transit 16.3379311128 21.804 4138
51.5368640158 -0.136125735253 51.3900970321 -0.136125735253 1363755600 transit 16.3379311128 21.501 3646
51.5368640158 -0.136125735253 51.3900970321 -0.136125735253 1363759200 transit 16.3379311128 24.01 4417
51.5368640158 -0.136125735253 51.3900970321 -0.136125735253 1363762800 transit 16.3379311128 20.594 4292
51.5368640158 -0.136125735253 51.3900970321 -0.136125735253 1363766400 transit 16.3379311128 21.504 4187
51.5368640158 -0.136125735253 51.3900970321 -0.136125735253 1363770000 transit 16.3379311128 24.01 4729
51.5368640158 -0.136125735253 51.3900970321 -0.136125735253 1363773600 transit 16.3379311128 24.001 4641
51.5368640158 -0.136125735253 51.3900970321 -0.136125735253 1363777200 transit 16.3379311128 24.01 4669
51.5368640158 -0.136125735253 51.3900970321 -0.136125735253 1363780800 transit 16.3379311128 24.001 4641
51.5368640158 -0.136125735253 51.3900970321 -0.136125735253 1363784400 transit 16.3379311128 24.01 4669
51.5368640158 -0.136125735253 51.3900970321 -0.136125735253 1363788000 transit 16.3379311128 21.883 4117
51.5368640158 -0.136125735253 51.3900970321 -0.136125735253 1363791600 transit 16.3379311128 21.883 4117
51.5368640158 -0.136125735253 51.3900970321 -0.136125735253 1363795200 transit 16.3379311128 24.01 5089
51.5368640158 -0.136125735253 51.3900970321 -0.136125735253 1363798800 transit 16.3379311128 21.218 4183
51.5368640158 -0.136125735253 51.3900970321 -0.136125735253 1363802400 transit 16.3379311128 20.594 4357
51.5368640158 -0.136125735253 51.3900970321 -0.136125735253 1363806000 transit 16.3379311128 24.01 4243
51.5368640158 -0.136125735253 51.3900970321 -0.136125735253 1363809600 transit 16.3379311128 24.01 4117
51.5368640158 -0.136125735253 51.3900970321 -0.136125735253 1363813200 transit 16.3379311128 24.001 4089
51.5368640158 -0.136125735253 51.3900970321 -0.136125735253 1363816800 transit 16.3379311128 24.01 4117
51.5368640158 -0.136125735253 51.3900970321 -0.136125735253 1363820400 transit 16.3379311128 20.594 3506
51.5368640158 -0.136125735253 51.3900970321 -0.136125735253 1363824000 transit 16.3379311128 20.594 3566
51.5368640158 -0.136125735253 51.3900970321 -0.136125735253 1363737600 bicycling 16.3379311128 21.051 4806
51.5368640158 -0.136125735253 51.3900970321 -0.136125735253 1363737600 walking 16.3379311128 18.723 14184
51.5008590463 0.145141300048 51.5717558847 0.145141300048 1363737600 transit 7.89215416636 31.534 5024
51.5008590463 0.145141300048 51.5717558847 0.145141300048 1363741200 transit 7.89215416636 32.904 6886
51.5008590463 0.145141300048 51.5717558847 0.145141300048 1363744800 transit 7.89215416636 32.904 6886
51.5008590463 0.145141300048 51.5717558847 0.145141300048 1363748400 transit 7.89215416636 32.904 6885
51.5008590463 0.145141300048 51.5717558847 0.145141300048 1363752000 transit 7.89215416636 30.022 5785
51.5008590463 0.145141300048 51.5717558847 0.145141300048 1363755600 transit 7.89215416636 26.652 5042
51.5008590463 0.145141300048 51.5717558847 0.145141300048 1363759200 transit 7.89215416636 33.438 4450
51.5008590463 0.145141300048 51.5717558847 0.145141300048 1363762800 transit 7.89215416636 27.376 4598
51.5008590463 0.145141300048 51.5717558847 0.145141300048 1363766400 transit 7.89215416636 27.376 4646
51.5008590463 0.145141300048 51.5717558847 0.145141300048 1363770000 transit 7.89215416636 33.438 4497
51.5008590463 0.145141300048 51.5717558847 0.145141300048 1363773600 transit 7.89215416636 40.82 6448
51.5008590463 0.145141300048 51.5717558847 0.145141300048 1363777200 transit 7.89215416636 40.82 6448
51.5008590463 0.145141300048 51.5717558847 0.145141300048 1363780800 transit 7.89215416636 40.82 6448
51.5008590463 0.145141300048 51.5717558847 0.145141300048 1363784400 transit 7.89215416636 40.82 6448
51.5008590463 0.145141300048 51.5717558847 0.145141300048 1363788000 transit 7.89215416636 27.546 4561
51.5008590463 0.145141300048 51.5717558847 0.145141300048 1363791600 transit 7.89215416636 27.546 4681
51.5008590463 0.145141300048 51.5717558847 0.145141300048 1363795200 transit 7.89215416636 27.569 4531
51.5008590463 0.145141300048 51.5717558847 0.145141300048 1363798800 transit 7.89215416636 27.521 4471
51.5008590463 0.145141300048 51.5717558847 0.145141300048 1363802400 transit 7.89215416636 27.573 4621
51.5008590463 0.145141300048 51.5717558847 0.145141300048 1363806000 transit 7.89215416636 25.583 4643
51.5008590463 0.145141300048 51.5717558847 0.145141300048 1363809600 transit 7.89215416636 23.214 4967
51.5008590463 0.145141300048 51.5717558847 0.145141300048 1363813200 transit 7.89215416636 23.214 4967
51.5008590463 0.145141300048 51.5717558847 0.145141300048 1363816800 transit 7.89215416636 26.652 5031
51.5008590463 0.145141300048 51.5717558847 0.145141300048 1363820400 transit 7.89215416636 32.839 6214
51.5008590463 0.145141300048 51.5717558847 0.145141300048 1363824000 transit 7.89215416636 31.534 5024
51.5008590463 0.145141300048 51.5717558847 0.145141300048 1363737600 bicycling 7.89215416636 23.836 5670
51.5008590463 0.145141300048 51.5717558847 0.145141300048 1363737600 walking 7.89215416636 21.242 16249
51.6571614335 -0.0681299776471 51.6518967299 -0.0681299776471 1363737600 transit 0.586060724132 0.727 522
51.6571614335 -0.0681299776471 51.6518967299 -0.0681299776471 1363741200 transit 0.586060724132 0.727 522
51.6571614335 -0.0681299776471 51.6518967299 -0.0681299776471 1363744800 transit 0.586060724132 0.727 522
51.6571614335 -0.0681299776471 51.6518967299 -0.0681299776471 1363748400 transit 0.586060724132 0.727 522
51.6571614335 -0.0681299776471 51.6518967299 -0.0681299776471 1363752000 transit 0.586060724132 0.727 522
51.6571614335 -0.0681299776471 51.6518967299 -0.0681299776471 1363755600 transit 0.586060724132 0.727 522
51.6571614335 -0.0681299776471 51.6518967299 -0.0681299776471 1363759200 transit 0.586060724132 0.727 522
51.6571614335 -0.0681299776471 51.6518967299 -0.0681299776471 1363762800 transit 0.586060724132 0.727 522
51.6571614335 -0.0681299776471 51.6518967299 -0.0681299776471 1363766400 transit 0.586060724132 0.727 522
51.6571614335 -0.0681299776471 51.6518967299 -0.0681299776471 1363770000 transit 0.586060724132 0.727 522
51.6571614335 -0.0681299776471 51.6518967299 -0.0681299776471 1363773600 transit 0.586060724132 0.727 522
51.6571614335 -0.0681299776471 51.6518967299 -0.0681299776471 1363777200 transit 0.586060724132 0.727 522
51.6571614335 -0.0681299776471 51.6518967299 -0.0681299776471 1363780800 transit 0.586060724132 0.727 522
51.6571614335 -0.0681299776471 51.6518967299 -0.0681299776471 1363784400 transit 0.586060724132 0.727 522
51.6571614335 -0.0681299776471 51.6518967299 -0.0681299776471 1363788000 transit 0.586060724132 0.727 522
51.6571614335 -0.0681299776471 51.6518967299 -0.0681299776471 1363791600 transit 0.586060724132 0.727 522
51.6571614335 -0.0681299776471 51.6518967299 -0.0681299776471 1363795200 transit 0.586060724132 0.727 522
51.6571614335 -0.0681299776471 51.6518967299 -0.0681299776471 1363798800 transit 0.586060724132 0.727 522
51.6571614335 -0.0681299776471 51.6518967299 -0.0681299776471 1363802400 transit 0.586060724132 0.727 522
51.6571614335 -0.0681299776471 51.6518967299 -0.0681299776471 1363806000 transit 0.586060724132 0.727 522
51.6571614335 -0.0681299776471 51.6518967299 -0.0681299776471 1363809600 transit 0.586060724132 0.727 522
51.6571614335 -0.0681299776471 51.6518967299 -0.0681299776471 1363813200 transit 0.586060724132 0.727 522
51.6571614335 -0.0681299776471 51.6518967299 -0.0681299776471 1363816800 transit 0.586060724132 0.727 522
51.6571614335 -0.0681299776471 51.6518967299 -0.0681299776471 1363820400 transit 0.586060724132 0.727 522
51.6571614335 -0.0681299776471 51.6518967299 -0.0681299776471 1363824000 transit 0.586060724132 0.727 522
51.6571614335 -0.0681299776471 51.6518967299 -0.0681299776471 1363737600 bicycling 0.586060724132 0.74 129
51.6571614335 -0.0681299776471 51.6518967299 -0.0681299776471 1363737600 walking 0.586060724132 0.727 522
51.477097052 -0.0602797724149 51.4696085333 -0.0602797724149 1363737600 transit 0.833613252606 0.971 736
51.477097052 -0.0602797724149 51.4696085333 -0.0602797724149 1363741200 transit 0.833613252606 0.971 736
51.477097052 -0.0602797724149 51.4696085333 -0.0602797724149 1363744800 transit 0.833613252606 0.971 736
51.477097052 -0.0602797724149 51.4696085333 -0.0602797724149 1363748400 transit 0.833613252606 0.971 736
51.477097052 -0.0602797724149 51.4696085333 -0.0602797724149 1363752000 transit 0.833613252606 0.971 736
51.477097052 -0.0602797724149 51.4696085333 -0.0602797724149 1363755600 transit 0.833613252606 0.971 736
51.477097052 -0.0602797724149 51.4696085333 -0.0602797724149 1363759200 transit 0.833613252606 0.971 736
51.477097052 -0.0602797724149 51.4696085333 -0.0602797724149 1363762800 transit 0.833613252606 0.971 736
51.477097052 -0.0602797724149 51.4696085333 -0.0602797724149 1363766400 transit 0.833613252606 0.971 736
51.477097052 -0.0602797724149 51.4696085333 -0.0602797724149 1363770000 transit 0.833613252606 0.971 736
51.477097052 -0.0602797724149 51.4696085333 -0.0602797724149 1363773600 transit 0.833613252606 0.971 736
51.477097052 -0.0602797724149 51.4696085333 -0.0602797724149 1363777200 transit 0.833613252606 0.971 736
51.477097052 -0.0602797724149 51.4696085333 -0.0602797724149 1363780800 transit 0.833613252606 0.971 736
51.477097052 -0.0602797724149 51.4696085333 -0.0602797724149 1363784400 transit 0.833613252606 0.971 736
51.477097052 -0.0602797724149 51.4696085333 -0.0602797724149 1363788000 transit 0.833613252606 0.971 736
51.477097052 -0.0602797724149 51.4696085333 -0.0602797724149 1363791600 transit 0.833613252606 0.971 736
51.477097052 -0.0602797724149 51.4696085333 -0.0602797724149 1363795200 transit 0.833613252606 1.144 635
51.477097052 -0.0602797724149 51.4696085333 -0.0602797724149 1363798800 transit 0.833613252606 0.971 736
51.477097052 -0.0602797724149 51.4696085333 -0.0602797724149 1363802400 transit 0.833613252606 1.144 623
51.477097052 -0.0602797724149 51.4696085333 -0.0602797724149 1363806000 transit 0.833613252606 1.144 623
51.477097052 -0.0602797724149 51.4696085333 -0.0602797724149 1363809600 transit 0.833613252606 0.971 736
51.477097052 -0.0602797724149 51.4696085333 -0.0602797724149 1363813200 transit 0.833613252606 0.971 736
51.477097052 -0.0602797724149 51.4696085333 -0.0602797724149 1363816800 transit 0.833613252606 0.971 736
51.477097052 -0.0602797724149 51.4696085333 -0.0602797724149 1363820400 transit 0.833613252606 0.971 736
51.477097052 -0.0602797724149 51.4696085333 -0.0602797724149 1363824000 transit 0.833613252606 0.971 736
51.477097052 -0.0602797724149 51.4696085333 -0.0602797724149 1363737600 bicycling 0.833613252606 1.07 251
51.477097052 -0.0602797724149 51.4696085333 -0.0602797724149 1363737600 walking 0.833613252606 0.971 736
51.418929299 -0.0351278915414 51.4855961307 -0.0351278915414 1363737600 transit 7.42127470608 10.384 2457
51.418929299 -0.0351278915414 51.4855961307 -0.0351278915414 1363741200 transit 7.42127470608 11.408 2819
51.418929299 -0.0351278915414 51.4855961307 -0.0351278915414 1363744800 transit 7.42127470608 18.22 3617
51.418929299 -0.0351278915414 51.4855961307 -0.0351278915414 1363748400 transit 7.42127470608 18.22 3707
51.418929299 -0.0351278915414 51.4855961307 -0.0351278915414 1363752000 transit 7.42127470608 11.408 2927
51.418929299 -0.0351278915414 51.4855961307 -0.0351278915414 1363755600 transit 7.42127470608 8.827 1705
51.418929299 -0.0351278915414 51.4855961307 -0.0351278915414 1363759200 transit 7.42127470608 8.827 1747
51.418929299 -0.0351278915414 51.4855961307 -0.0351278915414 1363762800 transit 7.42127470608 9.019 2032
51.418929299 -0.0351278915414 51.4855961307 -0.0351278915414 1363766400 transit 7.42127470608 9.364 2179
51.418929299 -0.0351278915414 51.4855961307 -0.0351278915414 1363770000 transit 7.42127470608 8.827 1843
51.418929299 -0.0351278915414 51.4855961307 -0.0351278915414 1363773600 transit 7.42127470608 9.033 2092
51.418929299 -0.0351278915414 51.4855961307 -0.0351278915414 1363777200 transit 7.42127470608 9.033 2092
51.418929299 -0.0351278915414 51.4855961307 -0.0351278915414 1363780800 transit 7.42127470608 9.033 2092
51.418929299 -0.0351278915414 51.4855961307 -0.0351278915414 1363784400 transit 7.42127470608 8.827 1819
51.418929299 -0.0351278915414 51.4855961307 -0.0351278915414 1363788000 transit 7.42127470608 9.033 2092
51.418929299 -0.0351278915414 51.4855961307 -0.0351278915414 1363791600 transit 7.42127470608 9.033 2092
51.418929299 -0.0351278915414 51.4855961307 -0.0351278915414 1363795200 transit 7.42127470608 9.033 2092
51.418929299 -0.0351278915414 51.4855961307 -0.0351278915414 1363798800 transit 7.42127470608 9.033 2092
51.418929299 -0.0351278915414 51.4855961307 -0.0351278915414 1363802400 transit 7.42127470608 9.364 2028
51.418929299 -0.0351278915414 51.4855961307 -0.0351278915414 1363806000 transit 7.42127470608 9.033 2092
51.418929299 -0.0351278915414 51.4855961307 -0.0351278915414 1363809600 transit 7.42127470608 9.033 2092
51.418929299 -0.0351278915414 51.4855961307 -0.0351278915414 1363813200 transit 7.42127470608 9.033 2092
51.418929299 -0.0351278915414 51.4855961307 -0.0351278915414 1363816800 transit 7.42127470608 9.033 2092
51.418929299 -0.0351278915414 51.4855961307 -0.0351278915414 1363820400 transit 7.42127470608 9.033 2092
51.418929299 -0.0351278915414 51.4855961307 -0.0351278915414 1363824000 transit 7.42127470608 10.384 2457
51.418929299 -0.0351278915414 51.4855961307 -0.0351278915414 1363737600 bicycling 7.42127470608 10.371 2282
51.418929299 -0.0351278915414 51.4855961307 -0.0351278915414 1363737600 walking 7.42127470608 9.527 7044
51.5438109888 -0.243900644535 51.4760670196 -0.243900644535 1363737600 transit 7.54118040851 9.94 2631
51.5438109888 -0.243900644535 51.4760670196 -0.243900644535 1363741200 transit 7.54118040851 9.465 2327
51.5438109888 -0.243900644535 51.4760670196 -0.243900644535 1363744800 transit 7.54118040851 9.465 2327
51.5438109888 -0.243900644535 51.4760670196 -0.243900644535 1363748400 transit 7.54118040851 9.465 2327
51.5438109888 -0.243900644535 51.4760670196 -0.243900644535 1363752000 transit 7.54118040851 9.465 2329
51.5438109888 -0.243900644535 51.4760670196 -0.243900644535 1363755600 transit 7.54118040851 13.375 3153
51.5438109888 -0.243900644535 51.4760670196 -0.243900644535 1363759200 transit 7.54118040851 9.822 2739
51.5438109888 -0.243900644535 51.4760670196 -0.243900644535 1363762800 transit 7.54118040851 9.822 3279
51.5438109888 -0.243900644535 51.4760670196 -0.243900644535 1363766400 transit 7.54118040851 9.822 3460
51.5438109888 -0.243900644535 51.4760670196 -0.243900644535 1363770000 transit 7.54118040851 9.94 3380
51.5438109888 -0.243900644535 51.4760670196 -0.243900644535 1363773600 transit 7.54118040851 9.94 3380
51.5438109888 -0.243900644535 51.4760670196 -0.243900644535 1363777200 transit 7.54118040851 9.465 3301
51.5438109888 -0.243900644535 51.4760670196 -0.243900644535 1363780800 transit 7.54118040851 9.94 3380
51.5438109888 -0.243900644535 51.4760670196 -0.243900644535 1363784400 transit 7.54118040851 9.465 3301
51.5438109888 -0.243900644535 51.4760670196 -0.243900644535 1363788000 transit 7.54118040851 9.94 3380
51.5438109888 -0.243900644535 51.4760670196 -0.243900644535 1363791600 transit 7.54118040851 9.94 3680
51.5438109888 -0.243900644535 51.4760670196 -0.243900644535 1363795200 transit 7.54118040851 9.822 3639
51.5438109888 -0.243900644535 51.4760670196 -0.243900644535 1363798800 transit 7.54118040851 9.94 3711
51.5438109888 -0.243900644535 51.4760670196 -0.243900644535 1363802400 transit 7.54118040851 9.822 3339
51.5438109888 -0.243900644535 51.4760670196 -0.243900644535 1363806000 transit 7.54118040851 9.94 3171
51.5438109888 -0.243900644535 51.4760670196 -0.243900644535 1363809600 transit 7.54118040851 13.386 3423
51.5438109888 -0.243900644535 51.4760670196 -0.243900644535 1363813200 transit 7.54118040851 9.822 2709
51.5438109888 -0.243900644535 51.4760670196 -0.243900644535 1363816800 transit 7.54118040851 13.386 3362
51.5438109888 -0.243900644535 51.4760670196 -0.243900644535 1363820400 transit 7.54118040851 9.822 2530
51.5438109888 -0.243900644535 51.4760670196 -0.243900644535 1363824000 transit 7.54118040851 9.94 2631
51.5438109888 -0.243900644535 51.4760670196 -0.243900644535 1363737600 bicycling 7.54118040851 13.335 2703
51.5438109888 -0.243900644535 51.4760670196 -0.243900644535 1363737600 walking 7.54118040851 8.968 6606
51.346443789 -0.07103643046 51.5869364857 -0.07103643046 1363737600 transit 26.7713692327 28.984 4696
51.346443789 -0.07103643046 51.5869364857 -0.07103643046 1363741200 transit 26.7713692327 33.822 6621
51.346443789 -0.07103643046 51.5869364857 -0.07103643046 1363744800 transit 26.7713692327 35.135 5515
51.346443789 -0.07103643046 51.5869364857 -0.07103643046 1363748400 transit 26.7713692327 35.135 5395
51.346443789 -0.07103643046 51.5869364857 -0.07103643046 1363752000 transit 26.7713692327 30.13 4948
51.346443789 -0.07103643046 51.5869364857 -0.07103643046 1363755600 transit 26.7713692327 31.518 5178
51.346443789 -0.07103643046 51.5869364857 -0.07103643046 1363759200 transit 26.7713692327 32.202 4060
51.346443789 -0.07103643046 51.5869364857 -0.07103643046 1363762800 transit 26.7713692327 33.317 3646
51.346443789 -0.07103643046 51.5869364857 -0.07103643046 1363766400 transit 26.7713692327 31.438 3937
51.346443789 -0.07103643046 51.5869364857 -0.07103643046 1363770000 transit 26.7713692327 37.121 4712
51.346443789 -0.07103643046 51.5869364857 -0.07103643046 1363773600 transit 26.7713692327 34.84 4672
51.346443789 -0.07103643046 51.5869364857 -0.07103643046 1363777200 transit 26.7713692327 32.202 4078
51.346443789 -0.07103643046 51.5869364857 -0.07103643046 1363780800 transit 26.7713692327 31.704 3872
51.346443789 -0.07103643046 51.5869364857 -0.07103643046 1363784400 transit 26.7713692327 32.202 4078
51.346443789 -0.07103643046 51.5869364857 -0.07103643046 1363788000 transit 26.7713692327 32.202 4078
51.346443789 -0.07103643046 51.5869364857 -0.07103643046 1363791600 transit 26.7713692327 32.202 4337
51.346443789 -0.07103643046 51.5869364857 -0.07103643046 1363795200 transit 26.7713692327 34.389 4178
51.346443789 -0.07103643046 51.5869364857 -0.07103643046 1363798800 transit 26.7713692327 30.287 5286
51.346443789 -0.07103643046 51.5869364857 -0.07103643046 1363802400 transit 26.7713692327 30.287 4925
51.346443789 -0.07103643046 51.5869364857 -0.07103643046 1363806000 transit 26.7713692327 30.287 4818
51.346443789 -0.07103643046 51.5869364857 -0.07103643046 1363809600 transit 26.7713692327 28.984 4816
51.346443789 -0.07103643046 51.5869364857 -0.07103643046 1363813200 transit 26.7713692327 32.202 3940
51.346443789 -0.07103643046 51.5869364857 -0.07103643046 1363816800 transit 26.7713692327 28.984 4522
51.346443789 -0.07103643046 51.5869364857 -0.07103643046 1363820400 transit 26.7713692327 32.202 3820
51.346443789 -0.07103643046 51.5869364857 -0.07103643046 1363824000 transit 26.7713692327 28.984 4696
51.346443789 -0.07103643046 51.5869364857 -0.07103643046 1363737600 bicycling 26.7713692327 34.113 7501
51.346443789 -0.07103643046 51.5869364857 -0.07103643046 1363737600 walking 26.7713692327 29.239 21859
51.5107973444 -0.000693326604345 51.5788841533 -0.000693326604345 1363737600 transit 7.57934492794 12.528 2067
51.5107973444 -0.000693326604345 51.5788841533 -0.000693326604345 1363741200 transit 7.57934492794 12.081 2996
51.5107973444 -0.000693326604345 51.5788841533 -0.000693326604345 1363744800 transit 7.57934492794 12.081 2996
51.5107973444 -0.000693326604345 51.5788841533 -0.000693326604345 1363748400 transit 7.57934492794 12.107 2621
51.5107973444 -0.000693326604345 51.5788841533 -0.000693326604345 1363752000 transit 7.57934492794 12.237 2626
51.5107973444 -0.000693326604345 51.5788841533 -0.000693326604345 1363755600 transit 7.57934492794 15.006 2969
51.5107973444 -0.000693326604345 51.5788841533 -0.000693326604345 1363759200 transit 7.57934492794 15.006 3029
51.5107973444 -0.000693326604345 51.5788841533 -0.000693326604345 1363762800 transit 7.57934492794 12.528 2504
51.5107973444 -0.000693326604345 51.5788841533 -0.000693326604345 1363766400 transit 7.57934492794 9.699 2966
51.5107973444 -0.000693326604345 51.5788841533 -0.000693326604345 1363770000 transit 7.57934492794 9.282 2364
51.5107973444 -0.000693326604345 51.5788841533 -0.000693326604345 1363773600 transit 7.57934492794 9.282 2268
51.5107973444 -0.000693326604345 51.5788841533 -0.000693326604345 1363777200 transit 7.57934492794 12.308 2582
51.5107973444 -0.000693326604345 51.5788841533 -0.000693326604345 1363780800 transit 7.57934492794 9.282 2118
51.5107973444 -0.000693326604345 51.5788841533 -0.000693326604345 1363784400 transit 7.57934492794 9.282 2214
51.5107973444 -0.000693326604345 51.5788841533 -0.000693326604345 1363788000 transit 7.57934492794 9.282 2118
51.5107973444 -0.000693326604345 51.5788841533 -0.000693326604345 1363791600 transit 7.57934492794 9.282 2238
51.5107973444 -0.000693326604345 51.5788841533 -0.000693326604345 1363795200 transit 7.57934492794 9.282 2226
51.5107973444 -0.000693326604345 51.5788841533 -0.000693326604345 1363798800 transit 7.57934492794 9.282 2266
51.5107973444 -0.000693326604345 51.5788841533 -0.000693326604345 1363802400 transit 7.57934492794 9.282 2274
51.5107973444 -0.000693326604345 51.5788841533 -0.000693326604345 1363806000 transit 7.57934492794 12.308 2569
51.5107973444 -0.000693326604345 51.5788841533 -0.000693326604345 1363809600 transit 7.57934492794 9.699 2607
51.5107973444 -0.000693326604345 51.5788841533 -0.000693326604345 1363813200 transit 7.57934492794 12.528 2224
51.5107973444 -0.000693326604345 51.5788841533 -0.000693326604345 1363816800 transit 7.57934492794 12.528 2164
51.5107973444 -0.000693326604345 51.5788841533 -0.000693326604345 1363820400 transit 7.57934492794 12.528 2067
51.5107973444 -0.000693326604345 51.5788841533 -0.000693326604345 1363824000 transit 7.57934492794 12.528 2067
51.5107973444 -0.000693326604345 51.5788841533 -0.000693326604345 1363737600 bicycling 7.57934492794 14.921 2995
51.5107973444 -0.000693326604345 51.5788841533 -0.000693326604345 1363737600 walking 7.57934492794 9.31 7029
51.5524070508 0.0694288332134 51.4332828367 0.0694288332134 1363737600 transit 13.2607699277 27.046 5327
51.5524070508 0.0694288332134 51.4332828367 0.0694288332134 1363741200 transit 13.2607699277 30.553 6036
51.5524070508 0.0694288332134 51.4332828367 0.0694288332134 1363744800 transit 13.2607699277 30.031 5909
51.5524070508 0.0694288332134 51.4332828367 0.0694288332134 1363748400 transit 13.2607699277 30.553 5981
51.5524070508 0.0694288332134 51.4332828367 0.0694288332134 1363752000 transit 13.2607699277 28.24 5292
51.5524070508 0.0694288332134 51.4332828367 0.0694288332134 1363755600 transit 13.2607699277 32.301 4310
51.5524070508 0.0694288332134 51.4332828367 0.0694288332134 1363759200 transit 13.2607699277 32.281 4324
51.5524070508 0.0694288332134 51.4332828367 0.0694288332134 1363762800 transit 13.2607699277 21.628 4305
51.5524070508 0.0694288332134 51.4332828367 0.0694288332134 1363766400 transit 13.2607699277 21.654 4305
51.5524070508 0.0694288332134 51.4332828367 0.0694288332134 1363770000 transit 13.2607699277 32.287 4232
51.5524070508 0.0694288332134 51.4332828367 0.0694288332134 1363773600 transit 13.2607699277 32.294 4044
51.5524070508 0.0694288332134 51.4332828367 0.0694288332134 1363777200 transit 13.2607699277 32.294 4044
51.5524070508 0.0694288332134 51.4332828367 0.0694288332134 1363780800 transit 13.2607699277 32.287 4172
51.5524070508 0.0694288332134 51.4332828367 0.0694288332134 1363784400 transit 13.2607699277 28.616 4504
51.5524070508 0.0694288332134 51.4332828367 0.0694288332134 1363788000 transit 13.2607699277 32.294 4044
51.5524070508 0.0694288332134 51.4332828367 0.0694288332134 1363791600 transit 13.2607699277 28.616 4685
51.5524070508 0.0694288332134 51.4332828367 0.0694288332134 1363795200 transit 13.2607699277 28.218 4565
51.5524070508 0.0694288332134 51.4332828367 0.0694288332134 1363798800 transit 13.2607699277 32.692 4468
51.5524070508 0.0694288332134 51.4332828367 0.0694288332134 1363802400 transit 13.2607699277 32.775 4726
51.5524070508 0.0694288332134 51.4332828367 0.0694288332134 1363806000 transit 13.2607699277 32.294 4044
51.5524070508 0.0694288332134 51.4332828367 0.0694288332134 1363809600 transit 13.2607699277 32.761 4588
51.5524070508 0.0694288332134 51.4332828367 0.0694288332134 1363813200 transit 13.2607699277 32.761 4600
51.5524070508 0.0694288332134 51.4332828367 0.0694288332134 1363816800 transit 13.2607699277 32.356 4382
51.5524070508 0.0694288332134 51.4332828367 0.0694288332134 1363820400 transit 13.2607699277 21.569 4012
51.5524070508 0.0694288332134 51.4332828367 0.0694288332134 1363824000 transit 13.2607699277 27.046 5327
51.5524070508 0.0694288332134 51.4332828367 0.0694288332134 1363737600 bicycling 13.2607699277 23.904 5586
51.5524070508 0.0694288332134 51.4332828367 0.0694288332134 1363737600 walking 13.2607699277 17.015 13303
51.522950475 0.0531406555472 51.5066711173 0.0531406555472 1363737600 transit 1.81219929686 4.04 1866
51.522950475 0.0531406555472 51.5066711173 0.0531406555472 1363741200 transit 1.81219929686 4.04 1866
51.522950475 0.0531406555472 51.5066711173 0.0531406555472 1363744800 transit 1.81219929686 4.04 1806
51.522950475 0.0531406555472 51.5066711173 0.0531406555472 1363748400 transit 1.81219929686 4.04 1806
51.522950475 0.0531406555472 51.5066711173 0.0531406555472 1363752000 transit 1.81219929686 4.04 1806
51.522950475 0.0531406555472 51.5066711173 0.0531406555472 1363755600 transit 1.81219929686 4.04 1806
51.522950475 0.0531406555472 51.5066711173 0.0531406555472 1363759200 transit 1.81219929686 4.04 1806
51.522950475 0.0531406555472 51.5066711173 0.0531406555472 1363762800 transit 1.81219929686 4.04 1926
51.522950475 0.0531406555472 51.5066711173 0.0531406555472 1363766400 transit 1.81219929686 4.04 1998
51.522950475 0.0531406555472 51.5066711173 0.0531406555472 1363770000 transit 1.81219929686 4.04 1998
